"Subject" "ActivityName" "tBodyAccMag.mean" "tBodyAccMag.std" "tGravityAccMag.mean" "tGravityAccMag.std" "tBodyAccJerkMag.mean" "tBodyAccJerkMag.std" "tBodyGyroMag.mean" "tBodyGyroMag.std" "tBodyGyroJerkMag.mean" "tBodyGyroJerkMag.std" "fBodyAccMag.mean" "fBodyAccMag.std" "fBodyAccMag.meanFreq" "fBodyBodyAccJerkMag.mean" "fBodyBodyAccJerkMag.std" "fBodyBodyAccJerkMag.meanFreq" "fBodyBodyGyroMag.mean" "fBodyBodyGyroMag.std" "fBodyBodyGyroMag.meanFreq" "fBodyBodyGyroJerkMag.mean" "fBodyBodyGyroJerkMag.std" "fBodyBodyGyroJerkMag.meanFreq"
1 "WALKING_DOWNSTAIRS" -0.0140828025671429 -0.101515471785714 -0.0140828025671429 -0.101515471785714 -0.219716752860714 -0.173363865521429 -0.0916624324642857 -0.204749539785714 -0.405708505357143 -0.461512406071429 -0.06760317325 -0.264349880378571 0.0622787128796429 -0.119701861678571 -0.254298875903571 0.0667480923 -0.248337149392857 -0.324706683214286 0.157159054428571 -0.435965402464286 -0.537559601428571 0.215462239928571
1 "WALKING_UPSTAIRS" -0.492214147385266 -0.531818239176489 -0.492214147385266 -0.531818239176489 -0.574021004097179 -0.545989980899812 -0.509087500201881 -0.525740915096552 -0.660039846322884 -0.668775141492163 -0.51451018417837 -0.618268506526646 0.149065098523511 -0.532375042459436 -0.567060313747649 0.211756115083887 -0.560164643022571 -0.587806637924765 0.0568356864581818 -0.664403718243574 -0.698823947630094 0.196501616180533
2 "WALKING" -0.535281800541722 -0.552812545643709 -0.535281800541722 -0.552812545643709 -0.58777744543543 -0.512115278415232 -0.614771054893146 -0.680584887880795 -0.746559539039735 -0.740088733655629 -0.514569861316887 -0.646662308457285 0.192199738218212 -0.509746432970861 -0.518800797709272 0.193066821118212 -0.699742945221854 -0.725310337688742 0.0471324812379801 -0.751615078360927 -0.744194981440397 0.124612068599768
3 "WALKING_DOWNSTAIRS" -0.563140802770059 -0.591224780306452 -0.563140802770059 -0.591224780306452 -0.650182434328446 -0.607658214170381 -0.643150121648094 -0.674010290979472 -0.784056656246334 -0.80366136372434 -0.579076453758064 -0.663079838985044 0.0770665587562757 -0.604752108072727 -0.615643694857361 0.11231984174566 -0.716822144279179 -0.703839403007038 -0.0846075231245126 -0.810085498651026 -0.810032718739003 0.0599628733252199
4 "WALKING" -0.56158213510694 -0.606556049548896 -0.56158213510694 -0.606556049548896 -0.656116311856877 -0.647249966810726 -0.656291093847319 -0.706738493542587 -0.819191368044164 -0.844187064164038 -0.602098037677603 -0.672948341687697 0.0963636689322397 -0.63501900541041 -0.666506718936908 0.160479882559811 -0.745650754608833 -0.732586304826498 -0.129301517256877 -0.838833209652997 -0.863096864037855 0.159075727514984
5 "WALKING_DOWNSTAIRS" -0.460866415568709 -0.52162345171192 -0.460866415568709 -0.52162345171192 -0.589313870006622 -0.589031268133113 -0.602770284825828 -0.664078383532781 -0.707383517582782 -0.734187493344371 -0.528503022745033 -0.594259529756954 0.0781455594845364 -0.573176177044172 -0.613485123609272 0.131619298935099 -0.677355755703311 -0.715731148145695 0.062219113935298 -0.748829309536424 -0.735610602483444 0.0307564556565894
6 "WALKING_DOWNSTAIRS" -0.464770006998123 -0.483790606354154 -0.464770006998123 -0.483790606354154 -0.551413652396923 -0.502935062310769 -0.549494852037046 -0.579837818063692 -0.621936158532308 -0.644474485460492 -0.473974924380431 -0.570910289993846 0.102346682227846 -0.494882316238462 -0.516711262173969 0.0831165453227692 -0.579130051151385 -0.657368673849846 0.104193397607938 -0.651886909221538 -0.660175875210246 0.081817622852
7 "WALKING_DOWNSTAIRS" -0.511312036747403 -0.510669879158539 -0.511312036747403 -0.510669879158539 -0.622815767680292 -0.550560230585714 -0.581899897967532 -0.598670795839286 -0.713191348337662 -0.658017844948377 -0.518323878824675 -0.583819796092208 -0.0106873745212792 -0.553360009658182 -0.550683254908442 0.108695730522532 -0.628877272791136 -0.650923648207792 -0.0352276334005552 -0.668879188156396 -0.668963362464935 0.0631920436939935
8 "SITTING" -0.360642734297765 -0.478154547792179 -0.360642734297765 -0.478154547792179 -0.443233657336201 -0.488311280762011 -0.384089748443911 -0.514821632079888 -0.620014686122905 -0.666549346351955 -0.427111328334078 -0.59384213912514 0.123912840102179 -0.442103958836313 -0.558810587379888 0.27710509822905 -0.549477566316201 -0.578223176773743 -0.0436386705603352 -0.650017653313408 -0.714053548100559 0.224033151154749
8 "WALKING_DOWNSTAIRS" -0.657841168134314 -0.687208716852941 -0.657841168134314 -0.687208716852941 -0.693970947105882 -0.698126595419608 -0.637885629840196 -0.698301555280392 -0.767707293078431 -0.802335816990196 -0.661265500205882 -0.753064279735294 0.186252413454314 -0.682168739176471 -0.721947141656863 0.261743136914706 -0.71616765577451 -0.739249164401961 0.0126013250103049 -0.793654280423529 -0.828833099803922 0.223249497754902
9 "WALKING" -0.505183470509188 -0.553038255314792 -0.505183470509188 -0.553038255314792 -0.621608245092361 -0.608862145384722 -0.550201866572569 -0.663198385034722 -0.7629795809375 -0.786176892048611 -0.553186448295139 -0.624456827182986 -0.00358269125034722 -0.609193721940625 -0.611619343190972 0.0983598303289236 -0.700863097986111 -0.697729432621528 -0.108828634535764 -0.786473954201389 -0.801296292638889 0.0927763736788194
10 "WALKING" -0.502500207000204 -0.545348810631551 -0.502500207000204 -0.545348810631551 -0.57776193128833 -0.529340480130272 -0.521819802352381 -0.624408369413333 -0.734465805340136 -0.768821828979592 -0.518734046961905 -0.633196110969728 0.173253569411224 -0.515140810846939 -0.553027359614864 0.163072697936429 -0.661496552826531 -0.666014612598639 0.0120855942278469 -0.767780095068027 -0.787144257176871 0.153580253720748
11 "SITTING" -0.542825032813608 -0.612882270912658 -0.542825032813608 -0.612882270912658 -0.679819504547468 -0.664241760370253 -0.628367851066456 -0.696771378957911 -0.826829028481013 -0.866905012626582 -0.611528074359177 -0.674470159009494 0.12725035020425 -0.656133473274684 -0.676925075857595 0.158363551858133 -0.757585939588608 -0.711267219682278 -0.10978179348269 -0.864827011392405 -0.879254016740506 0.11789211326962
12 "WALKING" -0.559586545675313 -0.5743864944925 -0.559586545675313 -0.5743864944925 -0.6300504918575 -0.566365683597188 -0.63166805889875 -0.68485805678325 -0.77729447821875 -0.7863865328125 -0.55928367746625 -0.65053328158 0.0755926577467031 -0.564239194378438 -0.571614888155312 0.126323612300937 -0.717311676745625 -0.719438065809375 -0.0455357170932187 -0.78990285099375 -0.7973614576875 0.0705873609285625
13 "WALKING" -0.604692369727861 -0.649879523726368 -0.604692369727861 -0.649879523726368 -0.685342743343284 -0.673907540048756 -0.622856960360199 -0.666735106552239 -0.726531313462687 -0.696233146947761 -0.647360093049254 -0.706758161343284 0.0516989329004975 -0.668685326051741 -0.682496575521194 0.199763615146766 -0.667463924885572 -0.728456241741294 0.071257458941791 -0.692302573566667 -0.723677100534826 0.177820450069204
13 "WALKING_UPSTAIRS" -0.436467135438889 -0.513244022742063 -0.436467135438889 -0.513244022742063 -0.529950774433333 -0.508697278718016 -0.514787204833333 -0.587917292174603 -0.690752641031746 -0.737297702619048 -0.498310419119048 -0.599280780396825 0.137987058531746 -0.509363582493651 -0.512713238301984 0.155897953080952 -0.627916082047619 -0.633623437833333 0.0487612127368254 -0.743563179047619 -0.748348646428571 0.124869841865079
14 "SITTING" -0.453262620331889 -0.474058613408978 -0.453262620331889 -0.474058613408978 -0.608973420309907 -0.605144269857245 -0.416459776709257 -0.471486714606811 -0.700520939854799 -0.727023009383901 -0.490874179820433 -0.548269930770588 -0.0600681274123529 -0.596896308848452 -0.619215144539319 0.137239545472136 -0.543030528985449 -0.516930495917399 -0.138544755393189 -0.717590101802972 -0.760560087962848 0.0907579516695975
15 "SITTING" -0.527285352000488 -0.557147874176037 -0.527285352000488 -0.557147874176037 -0.654799694757531 -0.625660376546646 -0.617721779796037 -0.675336960047866 -0.805282669512195 -0.837120078079268 -0.562948391223628 -0.623655618198171 0.0614279187379573 -0.614817605125915 -0.643101167069512 0.1584042182 -0.732394493841463 -0.695346839682927 -0.149680864646374 -0.83680189402439 -0.849634463841463 0.0955564233589329
16 "SITTING" -0.616131116889044 -0.661719690491803 -0.616131116889044 -0.661719690491803 -0.725246870486339 -0.719647028238525 -0.718168775628415 -0.78482286579235 -0.860446372459016 -0.87480016568306 -0.666962508246721 -0.712680990765301 0.0558668214710383 -0.713167613706148 -0.729869398769672 0.221683632275519 -0.81712881920765 -0.802078223409836 -0.0501221341519126 -0.87277228273224 -0.886533212213115 0.153211239562049
17 "SITTING" -0.686476820794717 -0.734866170311698 -0.686476820794717 -0.734866170311698 -0.775760563254717 -0.773678225276604 -0.764675748217547 -0.828039129471698 -0.849786178792453 -0.853886196264151 -0.740667048686415 -0.773237749395849 0.0627219883592453 -0.774571437356604 -0.774295791032453 0.281171213758491 -0.831350432716981 -0.857834029660377 0.0374161974955094 -0.858227314377358 -0.859786587471698 0.281467707390189
17 "STANDING" -0.264493090446019 -0.38190167633301 -0.264493090446019 -0.38190167633301 -0.49245284776699 -0.488811102621359 -0.448515068843689 -0.54973870607767 -0.70920322631068 -0.751595678058252 -0.403114961887379 -0.467044577843689 -0.0344212493420388 -0.499479367087379 -0.48239671884466 0.0497346350314563 -0.610365070582524 -0.587723691067961 -0.0788175889902913 -0.754248213883495 -0.766587678058252 0.107560299408738
18 "WALKING_UPSTAIRS" -0.658370952115385 -0.689671890376374 -0.658370952115385 -0.689671890376374 -0.753904676895604 -0.745212812708791 -0.714735668626374 -0.775779058758242 -0.859899942335165 -0.88856533728022 -0.697732862178571 -0.733904051236264 0.0911071722096154 -0.742323821887363 -0.750189976318681 0.224596545546272 -0.816286626730769 -0.789777674554945 -0.0573696679480769 -0.88466302260989 -0.902206780607143 0.193231486725357
19 "STANDING" -0.531507362111361 -0.599552767486306 -0.531507362111361 -0.599552767486306 -0.5762252472125 -0.601918552871944 -0.548919668132222 -0.610093380740278 -0.683436541824444 -0.7255986988425 -0.556404444967972 -0.689860920113889 0.115775170635767 -0.576064647812278 -0.641089005857778 0.232074775101389 -0.636287999799167 -0.662325968145833 -0.0199336248458333 -0.719519008752778 -0.754223739441667 0.128629739389444
20 "WALKING_UPSTAIRS" -0.517257429345412 -0.572325820319209 -0.517257429345412 -0.572325820319209 -0.619698756735028 -0.588644307467599 -0.516861235888701 -0.580023613494576 -0.684048497355932 -0.683503744537853 -0.560278889421186 -0.648306198707062 0.0604926209205932 -0.584571446817062 -0.597351046813729 0.0872234701100565 -0.606970915061638 -0.635816314618644 -0.0676712910494915 -0.692638075749774 -0.694680032329943 0.0504291443716384
21 "STANDING" -0.620309259553676 -0.6601960145 -0.620309259553676 -0.6601960145 -0.703461275879657 -0.680069218953922 -0.693779224517157 -0.761303119652451 -0.807817403137255 -0.82408989995098 -0.658664719514706 -0.714345739215931 0.0846512609471814 -0.679742584809363 -0.683725127418382 0.244321861877647 -0.776473060171569 -0.793158526279412 -0.00571922625735294 -0.826275026053922 -0.834949863259804 0.205643655933971
22 "STANDING" -0.504099198287601 -0.595953853592586 -0.504099198287601 -0.595953853592586 -0.609772829890966 -0.589823140414673 -0.637666108456075 -0.67637856158162 -0.794681311214953 -0.82649344800623 -0.574333164853583 -0.673896212809346 0.103277150317358 -0.585442501515888 -0.599286879114019 0.161936362996885 -0.728166770031153 -0.699600086233645 -0.131615440167913 -0.830191956697819 -0.835597218255452 0.119560563802492
23 "STANDING" -0.532754757205108 -0.56557562579215 -0.532754757205108 -0.56557562579215 -0.58640067170914 -0.55872531418629 -0.544207964433387 -0.541949073660753 -0.623412641977151 -0.573942888021613 -0.529029284118011 -0.657048917971505 0.11533518491586 -0.542663319457527 -0.583832309145968 0.202553279152177 -0.534657191683602 -0.632288527203763 0.154723197790323 -0.584111049810215 -0.593735302105376 0.169185024505108
24 "WALKING_UPSTAIRS" -0.620032665162467 -0.650862147810236 -0.620032665162467 -0.650862147810236 -0.713667423769029 -0.689391189346457 -0.682447212750656 -0.742983126606299 -0.791646550787402 -0.788997850813648 -0.650121872273806 -0.705928425819685 0.0236300571840945 -0.696845583388451 -0.682447145993307 0.198422013108136 -0.754131617480315 -0.782076276167979 0.0194486014291864 -0.795019165380577 -0.796157264514436 0.161739608926982
25 "LAYING" -0.242882056238806 -0.355656243895522 -0.242882056238806 -0.355656243895522 -0.544945887313433 -0.543349355671642 -0.234817039132836 -0.349989404771642 -0.682856995671642 -0.722952022835821 -0.381844136656716 -0.441953191044776 -0.146913785820896 -0.529074730447761 -0.566815624477612 0.0503573530673134 -0.482637288955224 -0.379517451373134 -0.229709713507463 -0.725791752835821 -0.739360746865672 -0.0470207701531343
25 "STANDING" -0.650083046388889 -0.718445536415205 -0.650083046388889 -0.718445536415205 -0.830168934298246 -0.826901775204678 -0.702316028245614 -0.750813458773684 -0.882302748976608 -0.902127701491228 -0.756372819397661 -0.745013505982456 -0.0222149185930117 -0.828189280994152 -0.826006345409357 0.19131331704117 -0.807444065877193 -0.759451745578947 -0.219078843122865 -0.905391691608187 -0.904819432807017 0.0655966106445029
26 "LAYING" -0.600932264175765 -0.620355788665816 -0.600932264175765 -0.620355788665816 -0.694917859209184 -0.677426336392347 -0.694597662936224 -0.751833690215051 -0.798325916709184 -0.818279112908163 -0.6317569828625 -0.673917799546684 0.0883286687093878 -0.679278323637755 -0.678025758312755 0.180460663889796 -0.770504884821429 -0.782624320831633 -0.0121587278753342 -0.823865297193878 -0.823991408418367 0.147533706980564
27 "LAYING" -0.627947737417819 -0.677874152031915 -0.627947737417819 -0.677874152031915 -0.70180744799867 -0.696003354282979 -0.694016019806117 -0.754713306440957 -0.823067662473404 -0.837212879564096 -0.667185803946808 -0.734883056953989 0.191781299814787 -0.688572791044947 -0.707531366315426 0.246742199214894 -0.785953610106383 -0.777810418832447 0.0114867378614096 -0.837585999827128 -0.848260021656915 0.203684998121436
28 "LAYING" -0.610030902501309 -0.635821226515969 -0.610030902501309 -0.635821226515969 -0.689429387759162 -0.687703433627487 -0.648538641430367 -0.710956808836911 -0.78929494326178 -0.805738383010471 -0.628763247405236 -0.696993999667801 0.0179948502780366 -0.675428720467801 -0.706415829342932 0.173610396659424 -0.73790809206911 -0.743784612693717 -0.122999827523272 -0.806882151753927 -0.818448508376963 -0.00200923842099476
29 "LAYING" -0.553585593347965 -0.579067216088081 -0.553585593347965 -0.579067216088081 -0.664538060484884 -0.620472049862791 -0.602228993700349 -0.653732301592151 -0.802293906366279 -0.840156364186047 -0.589294014734302 -0.639314176054942 0.162765300930698 -0.609879937469099 -0.636434470547384 0.227450813250137 -0.722018434984302 -0.671454324368401 -0.0446469221483721 -0.840464164156977 -0.851462426569767 0.212434137252471
30 "LAYING" -0.538131194183003 -0.588158111633681 -0.538131194183003 -0.588158111633681 -0.697050126998956 -0.658972148093473 -0.510032754098198 -0.573779428671018 -0.785870931331593 -0.810398514673629 -0.600372067046214 -0.646522810920757 -0.0301197123824804 -0.656339723754047 -0.664600262443812 0.0817046208143603 -0.669600510563003 -0.589192650089817 -0.205094596687206 -0.811292332428198 -0.822805618746736 0.0433050556386684
